0050	AAA	6,181,698	4,988	10
0051	BBB	38,893	37	20
0052	CCC	1,417,376	400	30
0053	DDD	47,000		26	40
0054	EEE	10,000		7	50
0055	FFF	127,811		69	60
0056	GGG	0		6,304	70
0057	HHH	29,000		8	80
0061	III	712,978		205	90
006203	JJJ	17,438		11	100
006204	KKK	96		2	110
006205	LLL	1,327,232	222	112
006206	MMM	478,197		85	123
006207	NNN	164,459		37	140
006208	OOO	2,208,188	764	150
00625K	PPP	50,000		2	160
00631L	QQQ	2,844,342	815	170
00632R	RRR	0		5,464	180
00633L	SSS	6,619,000	1,424	190
00634R	TTT	1,154,000	88	200
